frame,p1_post_positionX,p1_post_positionY,p1_post_facingDirection,p1_post_percent,p1_post_shieldSize,p1_post_stocksRemaining,p1_post_lCancelStatus,p2_post_positionX,p2_post_positionY,p2_post_facingDirection,p2_post_percent,p2_post_shieldSize,p2_post_stocksRemaining,p2_post_lCancelStatus,stageId,winner
15,17.036123275756836,17.858867645263672,1,0.0,60.0,4,0,3.9274325370788574,42.750099182128906,1,0.0,60.0,4,0,2,True
30,34.44737243652344,0.0028750000055879354,1,0.0,60.0,4,0,13.581437110900879,34.920101165771484,1,0.0,60.0,4,0,2,True
45,40.68955993652344,0.0028750000055879354,-1,0.0,60.0,4,0,7.341939926147461,0.0028753280639648438,1,0.0,60.0,4,1,2,True
60,35.67081832885742,0.0028750000055879354,-1,0.0,60.0,4,0,-2.3890602588653564,0.0028750000055879354,-1,0.0,60.0,4,0,2,True
75,35.67081832885742,0.0028750000055879354,-1,0.0,60.0,4,0,-21.896133422851562,0.0028750000055879354,-1,0.0,60.0,4,0,2,True
90,42.49082565307617,6.0188751220703125,1,0.0,60.0,4,0,-24.231597900390625,0.0028750000055879354,1,0.0,60.0,4,0,2,True
105,42.79202651977539,24.936874389648438,1,0.0,60.0,4,0,-7.602068901062012,10.452875137329102,1,0.0,60.0,4,0,2,True
120,28.981056213378906,22.125099182128906,1,0.0,60.0,4,0,2.7541182041168213,0.0028750000055879354,1,0.0,60.0,4,0,2,True
135,38.810482025146484,22.125099182128906,1,0.0,60.0,4,0,-17.519243240356445,23.00287437438965,1,0.0,60.0,4,0,2,True
150,40.32402038574219,20.241100311279297,1,0.0,60.0,4,0,-37.25924301147461,26.452871322631836,1,0.0,60.0,4,0,2,True
165,22.97214698791504,3.3330976963043213,1,0.0,60.0,4,0,-50.399253845214844,15.895099639892578,1,0.0,60.0,4,0,2,True
180,13.65152359008789,0.0028750000055879354,1,0.0,60.0,4,0,-54.50326156616211,0.6238750219345093,1,0.0,60.0,4,0,2,True
195,-5.25635290145874,9.032873153686523,1,0.0,60.0,4,0,-50.099491119384766,0.002875000238418579,1,0.0,60.0,4,0,2,True
210,-23.723230361938477,0.0028750000055879354,1,0.0,60.0,4,0,-29.10019302368164,27.832874298095703,1,0.0,60.0,4,0,2,True
225,-26.588233947753906,0.0028750000055879354,1,0.0,60.0,4,0,-14.455692291259766,6.792874813079834,1,0.0,60.0,4,0,2,True
240,-18.088239669799805,0.0028750000055879354,1,0.0,60.0,4,0,-6.808239936828613,0.0028749704360961914,-1,0.0,60.0,4,0,2,True
255,-18.088239669799805,0.0028750000055879354,1,0.0,60.0,4,0,-10.638334274291992,26.069866180419922,-1,11.0,60.0,4,0,2,True
270,-18.088239669799805,0.0028750000055879354,1,0.0,60.0,4,0,3.8018760681152344,30.031604766845703,-1,11.0,60.0,4,0,2,True
285,-5.948239326477051,6.008874893188477,1,0.0,60.0,4,0,14.78140640258789,22.742616653442383,-1,11.0,60.0,4,0,2,True
300,11.999261856079102,4.310873508453369,1,0.0,60.0,4,0,21.906667709350586,6.068601131439209,-1,23.0,60.0,4,0,2,True
315,18.741764068603516,0.0028750000055879354,1,0.0,60.0,4,0,11.088717460632324,14.864667892456055,-1,23.0,60.0,4,0,2,True
330,17.270511627197266,0.0028750000055879354,-1,0.0,60.0,4,0,8.825837135314941,0.0028753280639648438,-1,23.0,60.0,4,0,2,True
345,16.2130126953125,0.0028750000055879354,-1,0.0,60.0,4,0,12.925121307373047,20.731937408447266,1,33.119998931884766,60.0,4,0,2,True
360,16.2130126953125,0.0028750000055879354,-1,0.0,60.0,4,0,-3.1208930015563965,33.15029525756836,1,33.119998931884766,60.0,4,0,2,True
375,8.0723876953125,3.8188748359680176,-1,0.0,60.0,4,0,-15.706218719482422,30.93792724609375,1,33.119998931884766,60.0,4,0,2,True
390,-11.975112915039062,9.008872985839844,-1,0.0,60.0,4,0,-24.83085060119629,17.784833908081055,1,33.119998931884766,60.0,4,0,2,True
405,-22.831987380981445,0.0028750000055879354,-1,0.0,60.0,4,0,-20.50166893005371,26.45648193359375,1,44.15999984741211,60.0,4,0,2,True
420,-24.800737380981445,0.0028750000055879354,-1,0.0,60.0,4,0,-15.765657424926758,19.461862564086914,1,44.15999984741211,60.0,4,0,2,True
435,-16.823238372802734,0.0028750000055879354,1,0.0,60.0,4,0,-12.684075355529785,-1.3878766298294067,1,44.15999984741211,60.0,4,0,2,True
450,-3.1394870281219482,0.0028750000055879354,1,0.0,60.0,4,0,-11.122688293457031,0.0028750000055879354,1,44.15999984741211,60.0,4,0,2,True
465,14.178263664245605,16.578874588012695,1,0.0,60.0,4,0,-14.918741226196289,0.0028750000055879354,1,44.15999984741211,60.0,4,0,2,True
480,0.08239006996154785,20.41887092590332,1,0.0,60.0,4,0,-33.24205780029297,0.0028750000055879354,1,44.15999984741211,60.0,4,0,2,True
495,-19.414485931396484,7.68286657333374,1,0.0,60.0,4,0,-44.73225784301758,0.0028750000055879354,1,44.15999984741211,60.0,4,0,2,True
510,-26.332611083984375,0.0028750000055879354,1,0.0,60.0,4,0,-48.37527847290039,0.0028750000055879354,1,44.15999984741211,51.599998474121094,4,0,2,True
525,-16.60323715209961,0.0028750000055879354,1,0.0,60.0,4,0,-36.665374755859375,0.0028750000055879354,1,44.15999984741211,51.11000061035156,4,0,2,True
540,-10.129362106323242,13.12287425994873,1,0.0,60.0,4,0,-16.276939392089844,0.0028750000055879354,-1,44.15999984741211,52.159996032714844,4,0,2,True
555,9.303762435913086,20.802871704101562,1,0.0,60.0,4,0,-15.615280151367188,0.0028750000055879354,-1,44.15999984741211,53.209991455078125,4,0,2,True
570,21.386014938354492,4.162868022918701,1,0.0,60.0,4,0,-14.435530662536621,24.84287452697754,-1,44.15999984741211,54.259986877441406,4,0,2,True
585,21.386014938354492,0.0028750000055879354,1,0.0,60.0,4,0,-3.6405301094055176,10.652875900268555,-1,44.15999984741211,55.30998229980469,4,0,2,True
600,14.30601692199707,0.0028750000055879354,-1,0.0,60.0,4,0,1.3274707794189453,0.0028750000055879354,-1,44.15999984741211,56.35997772216797,4,0,2,True
615,14.016016960144043,0.0028750000055879354,-1,0.0,60.0,4,0,18.11552619934082,25.138240814208984,1,53.619998931884766,57.40997314453125,4,0,2,True
630,14.016016960144043,0.0028750000055879354,-1,0.0,60.0,4,0,18.11552619934082,40.161190032958984,1,53.619998931884766,58.45996856689453,4,0,2,True
645,16.49876594543457,7.362874984741211,-1,0.0,60.0,4,0,18.11552619934082,41.20911407470703,1,53.619998931884766,59.50996398925781,4,0,2,True
660,19.285015106201172,25.81887435913086,-1,0.0,60.0,4,0,18.11552619934082,30.782012939453125,1,53.619998931884766,60.0,4,0,2,True
675,19.285015106201172,28.70687484741211,-1,0.0,60.0,4,0,18.11552619934082,26.063451766967773,1,81.6199951171875,60.0,4,0,2,True
690,19.285015106201172,30.416872024536133,-1,0.0,60.0,4,0,-100.75283813476562,84.62699890136719,1,81.6199951171875,60.0,4,0,2,True
705,19.285015106201172,17.726865768432617,-1,0.0,60.0,4,0,-200.57980346679688,118.5522689819336,1,81.6199951171875,60.0,3,0,2,True
720,19.285015106201172,0.0028750000055879354,-1,0.0,60.0,4,0,-200.57980346679688,118.5522689819336,1,81.6199951171875,60.0,3,0,2,True
735,19.285015106201172,0.0028750000055879354,-1,0.0,60.0,4,0,-200.57980346679688,118.5522689819336,1,81.6199951171875,60.0,3,0,2,True
750,19.285015106201172,0.0028750000055879354,-1,0.0,60.0,4,0,-200.57980346679688,118.5522689819336,1,81.6199951171875,60.0,3,0,2,True
765,19.285015106201172,0.0028750000055879354,-1,0.0,60.0,4,0,0.0,110.875,-1,0.0,60.0,3,0,2,True
780,19.285015106201172,0.0028750000055879354,-1,0.0,60.0,4,0,0.0,98.6875,-1,0.0,60.0,3,0,2,True
795,19.285015106201172,0.0028750000055879354,-1,0.0,60.0,4,0,0.0,86.5,-1,0.0,60.0,3,0,2,True
810,19.285015106201172,0.0028750000055879354,-1,0.0,60.0,4,0,0.0,74.3125,-1,0.0,60.0,3,0,2,True
825,19.285015106201172,0.0028750000055879354,-1,0.0,60.0,4,0,0.0,63.75,-1,0.0,60.0,3,0,2,True
840,19.285015106201172,0.0028750000055879354,-1,0.0,60.0,4,0,0.0,19.319988250732422,-1,0.0,60.0,3,0,2,True
855,19.285015106201172,0.0028750000055879354,-1,0.0,60.0,4,0,0.0,0.0028750000055879354,-1,0.0,60.0,3,0,2,True
870,19.285015106201172,0.0028750000055879354,-1,0.0,60.0,4,0,7.677748680114746,7.352874279022217,-1,0.0,60.0,3,0,2,True
885,14.350197792053223,8.318973541259766,-1,13.0,60.0,4,0,14.439498901367188,0.0028750000055879354,-1,0.0,60.0,3,0,2,True
900,8.517009735107422,23.286897659301758,-1,13.0,60.0,4,0,16.624372482299805,13.342875480651855,-1,0.0,60.0,3,0,2,True
915,-1.8683773279190063,28.00179100036621,1,22.0,60.0,4,0,20.420621871948242,30.59287452697754,-1,0.0,60.0,3,0,2,True
930,-18.009967803955078,21.645267486572266,1,22.0,60.0,4,0,22.77511978149414,18.600086212158203,-1,0.0,60.0,3,0,2,True
945,-22.873510360717773,0.6765588521957397,1,22.0,60.0,4,0,13.702241897583008,0.0028750000055879354,-1,0.0,60.0,3,0,2,True
960,-25.25350570678711,0.0028750000055879354,1,22.0,60.0,4,0,19.72795867919922,0.0028750000055879354,-1,0.0,60.0,3,0,2,True
975,-21.720067977905273,0.0028750000055879354,1,22.0,56.920013427734375,4,0,20.42206382751465,5.252871513366699,-1,0.0,60.0,3,0,2,True
990,-21.720067977905273,4.612874984741211,1,25.0,55.870018005371094,4,0,15.60206413269043,0.0028750000055879354,-1,0.0,60.0,3,0,2,True
1005,-13.606693267822266,8.878872871398926,1,37.0,56.920013427734375,4,0,1.0220632553100586,10.622875213623047,-1,0.0,60.0,3,0,2,True
1020,-26.526390075683594,22.880401611328125,1,37.0,57.970008850097656,4,0,-18.41794204711914,0.0028750000055879354,-1,0.0,60.0,3,0,2,True
1035,-36.464195251464844,16.544858932495117,1,37.0,59.02000427246094,4,0,-25.01393699645996,13.342875480651855,-1,0.0,60.0,3,0,2,True
1050,-48.5079345703125,5.149734973907471,1,39.0,60.0,4,0,-32.56692886352539,31.282873153686523,-1,0.0,60.0,3,0,2,True
1065,-49.69268035888672,0.0028750000055879354,1,39.0,60.0,4,0,-41.94755554199219,-2.357128143310547,-1,0.0,60.0,3,0,2,True
1080,-50.29267883300781,0.0028750000055879354,1,39.0,60.0,4,0,-54.392189025878906,12.810873031616211,-1,9.019999504089355,60.0,3,0,2,True
1095,-50.29267883300781,0.0028750000055879354,1,39.0,60.0,4,0,-54.392189025878906,32.484275817871094,-1,9.019999504089355,60.0,3,0,2,True
1110,-50.29267883300781,0.0028750000055879354,1,39.0,60.0,4,0,-54.392189025878906,32.042659759521484,-1,9.019999504089355,60.0,3,0,2,True
1125,-50.29267883300781,9.032873153686523,1,39.0,60.0,4,0,-54.392189025878906,20.126020431518555,-1,9.019999504089355,60.0,3,0,2,True
1140,-50.29267883300781,0.0028750000055879354,1,39.0,60.0,4,0,-66.22357177734375,19.46070671081543,1,19.81999969482422,60.0,3,0,2,True
1155,-53.67011642456055,0.6238750219345093,-1,39.0,60.0,4,0,-72.74807739257812,3.1976096630096436,1,19.81999969482422,60.0,3,0,2,True
1170,-57.590126037597656,0.6238750219345093,-1,39.0,60.0,4,0,-50.92686462402344,10.028600692749023,1,28.619998931884766,60.0,3,0,2,True
1185,-57.590126037597656,0.6238750219345093,-1,39.0,60.0,4,0,-33.70812225341797,31.77244758605957,1,28.619998931884766,60.0,3,0,2,True
1200,-57.590126037597656,0.6238750219345093,-1,39.0,60.0,4,0,-20.03533935546875,31.85292625427246,1,28.619998931884766,60.0,3,0,2,True
1215,-40.01536560058594,17.199874877929688,-1,39.0,60.0,4,0,-9.908531188964844,21.020034790039062,1,28.619998931884766,60.0,3,0,2,True
1230,-20.03536605834961,21.039873123168945,-1,39.0,60.0,4,0,-2.5351951122283936,-0.7262423038482666,1,28.619998931884766,60.0,3,0,2,True
1245,-1.5609909296035767,3.1198692321777344,-1,39.0,60.0,4,0,7.2324323654174805,3.682875156402588,1,28.619998931884766,60.0,3,0,2,True
1260,11.69713306427002,0.0028750000055879354,1,39.0,60.0,4,0,22.931734085083008,31.282873153686523,1,28.619998931884766,60.0,3,0,2,True
1275,17.17713165283203,0.0028753280639648438,1,53.099998474121094,60.0,4,0,30.938695907592773,3.8528757095336914,1,28.619998931884766,60.0,3,0,2,True
1290,-7.448615550994873,0.0028750000055879354,1,53.099998474121094,60.0,4,0,35.45569610595703,0.0028750000055879354,-1,28.619998931884766,60.0,3,0,2,True
1305,-14.520378112792969,0.0028750000055879354,1,53.099998474121094,59.44000244140625,4,0,2.864442825317383,0.0028750000055879354,-1,28.619998931884766,60.0,3,0,2,True
1320,-14.520378112792969,0.0028750000055879354,1,53.099998474121094,58.74000549316406,4,0,-27.243057250976562,0.8250999450683594,-1,28.619998931884766,60.0,3,0,2,True
1335,-14.520378112792969,0.0028750000055879354,1,53.099998474121094,59.790000915527344,4,0,-36.521759033203125,15.402600288391113,-1,28.619998931884766,60.0,3,0,2,True
1350,-8.986907958984375,0.0028750000055879354,1,53.099998474121094,58.74000549316406,4,0,-24.839073181152344,29.71259880065918,-1,28.619998931884766,60.0,3,0,2,True
1365,-8.219256401062012,5.592984199523926,-1,60.839996337890625,59.790000915527344,4,0,-16.446945190429688,0.0028753280639648438,-1,28.619998931884766,60.0,3,1,2,True
1380,6.325386047363281,20.3189697265625,-1,60.839996337890625,60.0,4,0,-12.850319862365723,0.0028750000055879354,-1,28.619998931884766,60.0,3,0,2,True
1395,15.964820861816406,20.615123748779297,-1,60.839996337890625,60.0,4,0,10.37842845916748,0.0028750000055879354,1,28.619998931884766,60.0,3,0,2,True
1410,35.862586975097656,38.57786560058594,-1,72.68999481201172,60.0,4,0,26.650930404663086,24.84287452697754,1,28.619998931884766,60.0,3,0,2,True
1425,74.4072265625,56.25265121459961,-1,72.68999481201172,60.0,4,0,47.35093688964844,16.302873611450195,1,28.619998931884766,60.0,3,0,2,True
1440,103.6948013305664,58.310447692871094,-1,72.68999481201172,60.0,4,0,61.03020095825195,0.6238750219345093,1,28.619998931884766,60.0,3,0,2,True
1455,123.72529602050781,53.483238220214844,-1,72.68999481201172,60.0,4,0,62.64429473876953,46.11787414550781,1,28.619998931884766,60.0,3,0,2,True
1470,117.04561614990234,41.87501525878906,-1,72.68999481201172,60.0,4,0,58.50830078125,43.14387512207031,1,28.619998931884766,60.0,3,0,2,True
1485,101.32695770263672,19.96897315979004,-1,72.68999481201172,60.0,4,0,49.9987907409668,-2.456127405166626,1,28.619998931884766,60.0,3,0,2,True
1500,83.40328216552734,26.834972381591797,-1,75.56999206542969,60.0,4,0,33.39604187011719,0.0028750000055879354,-1,28.619998931884766,60.0,3,0,2,True
1515,90.43228912353516,32.44497299194336,-1,75.56999206542969,60.0,4,0,34.9814567565918,0.0028750000055879354,-1,28.619998931884766,60.0,3,0,2,True
1530,80.31830596923828,29.504968643188477,-1,75.56999206542969,60.0,4,0,55.652183532714844,0.6238750219345093,1,28.619998931884766,60.0,3,0,2,True
1545,72.22682189941406,39.07496643066406,-1,75.56999206542969,60.0,4,0,63.34754943847656,0.6237750053405762,1,28.619998931884766,60.0,3,0,2,True
1560,58.10395812988281,29.454967498779297,-1,75.56999206542969,60.0,4,0,63.34754943847656,0.6238750219345093,1,28.619998931884766,60.0,3,0,2,True
1575,47.85158157348633,7.054962635040283,-1,75.56999206542969,60.0,4,0,63.34754943847656,0.6238750219345093,1,28.619998931884766,49.920005798339844,3,0,2,True
1590,38.61720275878906,0.0028750000055879354,-1,75.56999206542969,60.0,4,0,65.89329528808594,-5.816125392913818,1,28.619998931884766,50.410003662109375,3,0,2,True
1605,37.65469741821289,0.0028750000055879354,-1,75.56999206542969,60.0,4,0,57.84014892578125,18.839876174926758,1,28.619998931884766,51.459999084472656,3,0,2,True
1620,23.812698364257812,0.0028750000055879354,-1,75.56999206542969,60.0,4,0,45.53538513183594,19.52988052368164,1,28.619998931884766,52.50999450683594,3,0,2,True
1635,24.351587295532227,4.298232078552246,1,82.49999237060547,60.0,4,0,36.639503479003906,0.0028748512268066406,1,28.619998931884766,53.55998992919922,3,0,2,True
1650,2.4603090286254883,23.196691513061523,1,82.49999237060547,60.0,4,0,33.76250457763672,0.0028750000055879354,1,28.619998931884766,52.50999450683594,3,0,2,True
1665,-12.440678596496582,23.347068786621094,1,82.49999237060547,60.0,4,0,26.523876190185547,10.622875213623047,1,28.619998931884766,52.159996032714844,3,0,2,True
1680,-21.47549819946289,14.145360946655273,1,82.49999237060547,60.0,4,0,18.4894962310791,0.0028750000055879354,1,28.619998931884766,53.209991455078125,3,0,2,True
1695,-14.136677742004395,28.982288360595703,1,82.49999237060547,60.0,4,0,18.4894962310791,0.0028750000055879354,1,28.619998931884766,54.259986877441406,3,0,2,True
1710,-0.5693042278289795,30.592287063598633,1,82.49999237060547,60.0,4,0,18.4894962310791,0.0028750000055879354,1,28.619998931884766,55.30998229980469,3,0,2,True
1725,-7.644177436828613,6.592281818389893,1,82.49999237060547,60.0,4,0,18.4894962310791,0.0028750000055879354,1,28.619998931884766,56.35997772216797,3,0,2,True
1740,-15.837461471557617,0.0028750000055879354,1,82.49999237060547,60.0,4,0,18.4894962310791,0.0028750000055879354,1,28.619998931884766,57.40997314453125,3,0,2,True
1755,-1.8926687240600586,0.0028750000055879354,1,82.49999237060547,60.0,4,0,18.4894962310791,0.0028750000055879354,1,28.619998931884766,58.45996856689453,3,0,2,True
1770,5.4026360511779785,0.0028750000055879354,1,82.49999237060547,60.0,4,0,18.4894962310791,0.0028750000055879354,1,28.619998931884766,57.759971618652344,3,0,2,True
1785,8.959695816040039,0.0028750000055879354,1,82.49999237060547,58.040008544921875,4,0,22.43299674987793,7.352874279022217,1,28.619998931884766,58.809967041015625,3,0,2,True
1800,6.709694862365723,0.0028750000055879354,1,82.49999237060547,49.920013427734375,4,0,16.49924659729004,0.0028750000055879354,1,28.619998931884766,59.859962463378906,3,0,2,True
1815,6.649694919586182,0.0028750000055879354,1,82.49999237060547,46.000030517578125,4,0,15.012744903564453,0.0028750000055879354,1,28.619998931884766,57.760009765625,3,0,2,True
1830,6.649694919586182,0.0028750000055879354,1,82.49999237060547,41.800048828125,4,0,15.012744903564453,0.0028750000055879354,1,28.619998931884766,54.34959411621094,3,0,2,True
1845,6.649694919586182,0.0028750000055879354,1,82.49999237060547,37.600067138671875,4,0,10.6539945602417,27.832874298095703,1,28.619998931884766,55.39958953857422,3,0,2,True
1860,6.649694919586182,0.0028750000055879354,1,82.49999237060547,33.40008544921875,4,0,1.3601182699203491,20.932870864868164,1,28.619998931884766,56.4495849609375,3,0,2,True
1875,10.169054985046387,0.0028750000055879354,1,82.49999237060547,31.650087356567383,4,0,0.5614911317825317,0.0028750000055879354,1,28.619998931884766,57.49958038330078,3,0,2,True
1890,30.211353302001953,0.0028750000055879354,-1,82.49999237060547,32.7000846862793,4,0,0.5614911317825317,0.0028750000055879354,1,28.619998931884766,58.54957580566406,3,0,2,True
1905,39.55245590209961,1.1625999212265015,-1,82.49999237060547,33.75008010864258,4,0,21.220239639282227,6.102874279022217,1,28.619998931884766,59.599571228027344,3,0,2,True
1920,39.55245590209961,2.850099802017212,-1,87.49999237060547,34.80007553100586,4,0,39.100242614746094,2.3228707313537598,1,28.619998931884766,60.0,3,0,2,True
1935,61.46310043334961,16.328964233398438,-1,87.49999237060547,35.85007095336914,4,0,49.5,4.537600994110107,1,28.619998931884766,60.0,3,0,2,True
1950,75.11932373046875,10.756621360778809,-1,87.49999237060547,36.90006637573242,4,0,49.5,6.225101947784424,1,28.619998931884766,60.0,3,0,2,True
1965,90.28288269042969,-3.526921272277832,-1,87.49999237060547,37.9500617980957,4,0,49.5,7.912600517272949,1,28.619998931884766,60.0,3,0,2,True
1980,75.97441864013672,5.292337417602539,-1,87.49999237060547,39.000057220458984,4,0,49.5,9.600095748901367,-1,28.619998931884766,60.0,3,0,2,True
1995,89.94281005859375,11.802334785461426,-1,87.49999237060547,40.050052642822266,4,0,49.5,11.287591934204102,-1,28.619998931884766,60.0,3,0,2,True
2010,77.55030059814453,-6.493666172027588,-1,87.49999237060547,41.10004806518555,4,0,46.650245666503906,0.0028750000055879354,-1,28.619998931884766,60.0,3,0,2,True
2025,70.06707000732422,-5.860224723815918,-1,87.49999237060547,42.15004348754883,4,0,46.388492584228516,0.0028750000055879354,-1,28.619998931884766,60.0,3,0,2,True
2040,67.71562194824219,8.101774215698242,1,87.49999237060547,43.20003890991211,4,0,46.388492584228516,0.0028750000055879354,1,40.619998931884766,60.0,3,0,2,True
2055,71.24562072753906,11.467772483825684,1,87.49999237060547,44.25003433227539,4,0,31.52837371826172,-0.8268731832504272,1,40.619998931884766,60.0,3,0,2,True
2070,61.79133987426758,8.449769020080566,1,87.49999237060547,45.30002975463867,4,0,21.248109817504883,3.682875156402588,1,40.619998931884766,59.090003967285156,3,0,2,True
2085,54.911685943603516,22.69976806640625,1,87.49999237060547,46.35002517700195,4,0,19.971628189086914,31.282873153686523,1,40.619998931884766,60.0,3,0,2,True
2100,58.22106170654297,22.54976463317871,1,87.49999237060547,47.400020599365234,4,0,12.37112808227539,0.0028750000055879354,1,40.619998931884766,60.0,3,0,2,True
2115,40.34480285644531,4.7517619132995605,1,87.49999237060547,48.450016021728516,4,0,1.514346718788147,0.0028750000055879354,-1,40.619998931884766,60.0,3,0,2,True
2130,31.513561248779297,0.0028750000055879354,1,87.49999237060547,49.5000114440918,4,0,16.213743209838867,10.352875709533691,-1,40.619998931884766,60.0,3,0,2,True
2145,31.513561248779297,0.0028750000055879354,1,87.49999237060547,45.30002975463867,4,0,9.065387725830078,27.88287353515625,-1,40.619998931884766,60.0,3,0,2,True
2160,37.89142990112305,0.0028750000055879354,1,87.49999237060547,43.9000358581543,4,0,0.9935116767883301,0.0028750000055879354,-1,40.619998931884766,60.0,3,0,2,True
2175,45.91038131713867,1.602874994277954,1,87.49999237060547,44.95003128051758,4,0,0.915386438369751,0.0028750000055879354,-1,40.619998931884766,60.0,3,0,2,True
2190,39.31187438964844,17.922874450683594,1,87.49999237060547,46.00002670288086,4,0,0.915386438369751,0.0028750000055879354,-1,40.619998931884766,60.0,3,0,2,True
2205,57.67750930786133,19.842870712280273,1,87.49999237060547,47.05002212524414,4,0,20.424137115478516,18.632875442504883,1,40.619998931884766,60.0,3,0,2,True
2220,45.46525573730469,3.7788662910461426,1,87.49999237060547,48.10001754760742,4,0,42.02414321899414,20.852874755859375,1,40.619998931884766,60.0,3,0,2,True
2235,39.07038497924805,0.0028750000055879354,1,87.49999237060547,48.450016021728516,4,0,54.677249908447266,9.445100784301758,1,40.619998931884766,60.0,3,0,2,True
2250,11.975486755371094,23.864126205444336,1,99.04998779296875,48.73001480102539,4,0,58.736751556396484,0.6238750219345093,1,40.619998931884766,60.0,3,0,2,True
2265,-32.49903869628906,51.77671432495117,1,99.04998779296875,49.78001022338867,4,0,41.59165954589844,0.0028750000055879354,-1,40.619998931884766,60.0,3,0,2,True
2280,-68.71913146972656,67.25410461425781,1,99.04998779296875,50.83000564575195,4,0,16.261653900146484,27.832874298095703,-1,40.619998931884766,60.0,3,0,2,True
2295,-96.684814453125,74.76023864746094,1,99.04998779296875,51.880001068115234,4,0,-3.8383519649505615,5.652874946594238,-1,40.619998931884766,60.0,3,0,2,True
2310,-113.65230560302734,74.295166015625,1,99.04998779296875,52.929996490478516,4,0,-20.763668060302734,0.0028750000055879354,-1,40.619998931884766,60.0,3,0,2,True
2325,-108.59414672851562,61.95895004272461,1,100.04998779296875,53.9799919128418,4,0,-40.466670989990234,0.0028750000055879354,1,40.619998931884766,60.0,3,0,2,True
2340,-91.96774291992188,41.09974670410156,1,100.04998779296875,55.02998733520508,4,0,-56.1674690246582,27.832874298095703,1,40.619998931884766,60.0,3,0,2,True
2355,-90.7774887084961,17.099750518798828,1,100.04998779296875,56.07998275756836,4,0,-67.15565490722656,18.794876098632812,1,40.619998931884766,60.0,3,0,2,True
2370,-82.6318359375,22.079750061035156,1,100.04998779296875,57.12997817993164,4,0,-59.83427810668945,50.53487777709961,1,40.619998931884766,60.0,3,0,2,True
2385,-92.37708282470703,29.549747467041016,1,100.04998779296875,58.17997360229492,4,0,-47.53989028930664,30.668880462646484,1,40.619998931884766,60.0,3,0,2,True
2400,-84.77996826171875,10.115741729736328,1,100.04998779296875,59.2299690246582,4,0,-39.86813735961914,19.875099182128906,1,40.619998931884766,58.600006103515625,3,0,2,True
2415,-68.04754638671875,-8.776224136352539,1,100.04998779296875,60.0,4,0,-33.990638732910156,0.0028753280639648438,1,40.619998931884766,58.600006103515625,3,1,2,True
2430,-68.88766479492188,-7.680225372314453,1,100.04998779296875,60.0,4,0,-20.675893783569336,0.0028750000055879354,1,40.619998931884766,59.650001525878906,3,0,2,True
2445,-56.87678146362305,3.953306198120117,1,100.04998779296875,60.0,4,0,-40.233394622802734,10.622875213623047,-1,40.619998931884766,60.0,3,0,2,True
2460,-41.10251998901367,0.0028750000055879354,1,100.04998779296875,60.0,4,0,-60.172149658203125,0.6238750219345093,-1,40.619998931884766,60.0,3,0,2,True
2475,-41.044864654541016,0.0028750000055879354,1,100.04998779296875,55.800018310546875,4,0,-65.72215270996094,-12.02612590789795,-1,40.619998931884766,60.0,3,0,2,True
2490,-41.044864654541016,0.0028750000055879354,1,100.04998779296875,51.60003662109375,4,0,-56.045528411865234,-53.71611785888672,-1,40.619998931884766,60.0,3,0,2,True
2505,-41.044864654541016,0.0028750000055879354,1,100.04998779296875,48.800048828125,4,0,-47.495521545410156,-95.71614837646484,-1,40.619998931884766,60.0,3,0,2,True
2520,-41.449867248535156,0.0028750000055879354,1,100.04998779296875,49.85004425048828,4,0,-49.66352081298828,-78.20616912841797,-1,40.619998931884766,60.0,3,0,2,True
2535,-26.92736053466797,0.0028750000055879354,1,100.04998779296875,50.90003967285156,4,0,-53.073917388916016,-70.75416564941406,-1,40.619998931884766,60.0,3,0,2,True
2550,-10.950193405151367,0.0028750000055879354,1,100.04998779296875,51.950035095214844,4,0,-53.14231872558594,-70.84416198730469,-1,40.619998931884766,60.0,3,0,2,True
2565,-8.748764038085938,0.0028750000055879354,1,100.04998779296875,53.000030517578125,4,0,-53.14231872558594,-73.31915283203125,-1,40.619998931884766,60.0,3,0,2,True
2580,-5.199830055236816,0.0028750000055879354,1,100.04998779296875,54.050025939941406,4,0,-53.14231872558594,-53.72415542602539,-1,40.619998931884766,60.0,3,0,2,True
2595,2.863772392272949,0.0028750000055879354,1,100.04998779296875,55.10002136230469,4,0,-65.43701171875,-10.224143028259277,1,40.619998931884766,60.0,3,0,2,True
2610,2.863772392272949,7.6228742599487305,1,100.04998779296875,56.15001678466797,4,0,-64.55299377441406,8.045879364013672,1,40.619998931884766,60.0,3,0,2,True
2625,-12.643604278564453,0.0028750000055879354,1,100.04998779296875,57.20001220703125,4,0,-58.55086898803711,0.6238750219345093,1,40.619998931884766,60.0,3,0,2,True
2640,-7.403605937957764,0.0028750000055879354,1,100.04998779296875,58.25000762939453,4,0,-56.255611419677734,0.6238750219345093,-1,40.619998931884766,60.0,3,0,2,True
2655,7.193892955780029,0.0028750000055879354,1,100.04998779296875,59.30000305175781,4,0,-32.20037078857422,0.0028750000055879354,1,40.619998931884766,60.0,3,0,2,True
2670,-1.2136075496673584,11.522873878479004,1,100.04998779296875,60.0,4,0,-16.475374221801758,0.0028750000055879354,1,40.619998931884766,51.28586196899414,3,0,2,True
2685,13.609392166137695,19.202869415283203,1,100.04998779296875,60.0,4,0,-19.895376205444336,0.0028750000055879354,1,40.619998931884766,49.04587173461914,3,0,2,True
2700,13.492142677307129,10.178864479064941,1,100.04998779296875,60.0,4,0,-30.601476669311523,0.0028750000055879354,1,40.619998931884766,48.34587478637695,3,0,2,True
2715,14.953142166137695,0.0028750000055879354,1,100.04998779296875,60.0,4,0,-39.234657287597656,0.0028750000055879354,1,40.619998931884766,45.8958854675293,3,0,2,True
2730,21.975263595581055,4.610875129699707,1,100.04998779296875,60.0,4,0,-23.650829315185547,0.0028750000055879354,1,40.619998931884766,46.94588088989258,3,0,2,True
2745,10.06076431274414,19.010873794555664,1,100.04998779296875,60.0,4,0,-19.895383834838867,13.342875480651855,1,40.619998931884766,44.845890045166016,3,0,2,True
2760,12.223767280578613,19.0108699798584,1,100.04998779296875,60.0,4,0,-23.05663299560547,30.592872619628906,1,40.619998931884766,45.8958854675293,3,0,2,True
2775,0.22451409697532654,0.0028750000055879354,1,100.04998779296875,60.0,4,1,-33.52176284790039,12.640774726867676,1,40.619998931884766,46.94588088989258,3,0,2,True
2790,5.89013671875,0.0028750000055879354,1,100.04998779296875,60.0,4,0,-18.158384323120117,21.790775299072266,1,40.619998931884766,47.99587631225586,3,0,2,True
2805,19.797664642333984,0.0028750000055879354,1,100.04998779296875,60.0,4,0,3.2616195678710938,0.0028750000055879354,1,40.619998931884766,49.04587173461914,3,0,2,True
2820,16.606769561767578,0.0028750000055879354,-1,100.04998779296875,60.0,4,0,5.706622123718262,-2.1733007431030273,-1,40.619998931884766,50.09586715698242,3,0,2,True
2835,16.606769561767578,0.0028750000055879354,-1,100.04998779296875,60.0,4,0,20.706279754638672,32.705902099609375,1,49.41999816894531,51.1458625793457,3,0,2,True
2850,16.606769561767578,0.0028750000055879354,-1,100.04998779296875,60.0,4,0,20.706279754638672,40.92677688598633,1,49.41999816894531,52.195858001708984,3,0,2,True
2865,5.671394348144531,13.684873580932617,-1,100.04998779296875,60.0,4,0,20.706279754638672,37.67262268066406,1,49.41999816894531,53.245853424072266,3,0,2,True
2880,14.719268798828125,26.024871826171875,-1,100.04998779296875,60.0,4,0,20.706279754638672,29.128175735473633,-1,60.459999084472656,54.29584884643555,3,0,2,True
2895,33.53489303588867,32.53487014770508,-1,100.04998779296875,60.0,4,0,53.186309814453125,24.613388061523438,-1,60.459999084472656,55.34584426879883,3,0,2,True
2910,52.8230094909668,24.64486312866211,-1,100.04998779296875,60.0,4,0,73.51046752929688,-2.3780341148376465,-1,60.459999084472656,56.39583969116211,3,0,2,True
2925,70.73675537109375,4.31486177444458,-1,100.04998779296875,60.0,4,0,85.67999267578125,2.2799134254455566,-1,60.459999084472656,57.44583511352539,3,0,2,True
2940,68.04754638671875,-8.776224136352539,-1,100.04998779296875,60.0,4,0,99.02359008789062,21.894994735717773,-1,60.459999084472656,58.49583053588867,3,0,2,True
2955,62.83192443847656,5.647774696350098,-1,100.04998779296875,60.0,4,0,101.58026123046875,17.938995361328125,-1,60.459999084472656,59.54582595825195,3,0,2,True
2970,46.3634147644043,11.275771141052246,-1,107.04998779296875,60.0,4,0,39.84025573730469,17.772329330444336,-1,60.459999084472656,60.0,3,0,2,True
2985,38.896488189697266,48.627567291259766,-1,107.04998779296875,60.0,4,0,21.60025978088379,19.875099182128906,-1,60.459999084472656,60.0,3,0,2,True
3000,34.28264617919922,73.74169158935547,-1,107.04998779296875,60.0,4,0,13.48801040649414,-0.8648991584777832,-1,60.459999084472656,60.0,3,0,2,True
3015,30.902597427368164,85.49531555175781,-1,107.04998779296875,60.0,4,0,20.253509521484375,0.0028750000055879354,1,60.459999084472656,60.0,3,0,2,True
3030,21.906370162963867,85.8404769897461,-1,107.04998779296875,60.0,4,0,49.54759979248047,0.0028750000055879354,1,60.459999084472656,60.0,3,0,2,True
3045,0.7439479827880859,74.77716064453125,-1,107.04998779296875,60.0,4,0,63.75630569458008,19.253875732421875,1,60.459999084472656,60.0,3,0,2,True
3060,-16.11223793029785,51.70020294189453,-1,107.04998779296875,60.0,4,0,64.66454315185547,29.603872299194336,1,60.459999084472656,60.0,3,0,2,True
3075,-11.320610046386719,27.700220108032227,-1,107.04998779296875,60.0,4,0,53.46278381347656,0.5913658142089844,1,60.459999084472656,60.0,3,0,2,True
3090,8.329891204833984,3.7002158164978027,-1,107.04998779296875,60.0,4,0,31.46936798095703,0.0028750000055879354,-1,60.459999084472656,60.0,3,0,2,True
3105,11.471891403198242,0.0028750000055879354,-1,107.04998779296875,60.0,4,0,64.07289123535156,4.288030624389648,-1,70.54000091552734,60.0,3,0,2,True
3120,11.471891403198242,0.0028750000055879354,-1,107.04998779296875,56.990013122558594,4,0,91.8648681640625,-17.556259155273438,-1,70.54000091552734,60.0,3,0,2,True
3135,23.4631404876709,14.978874206542969,-1,107.04998779296875,58.040008544921875,4,0,110.31835174560547,-46.378971099853516,-1,70.54000091552734,60.0,3,0,2,True
3150,43.20689010620117,20.73887062072754,-1,107.04998779296875,59.090003967285156,4,0,127.99331665039062,-4.996128559112549,-1,70.54000091552734,60.0,3,0,2,True
3165,62.121891021728516,12.131097793579102,-1,107.04998779296875,60.0,4,0,133.9036865234375,-1.7107596397399902,-1,70.54000091552734,60.0,3,0,2,True
3180,68.04754638671875,-8.776224136352539,-1,107.04998779296875,60.0,4,0,134.42169189453125,-2.535759449005127,-1,71.54000091552734,60.0,3,0,2,True
3195,69.07774353027344,1.5297739505767822,-1,107.04998779296875,60.0,4,0,134.42169189453125,-6.585758209228516,-1,71.54000091552734,60.0,3,0,2,True
3210,54.330711364746094,9.959771156311035,-1,107.04998779296875,60.0,4,0,99.28443145751953,21.996315002441406,-1,71.54000091552734,60.0,3,0,2,True
3225,36.11195755004883,0.0028750000055879354,-1,107.04998779296875,60.0,4,0,73.96720123291016,43.163204193115234,-1,71.54000091552734,60.0,3,0,2,True
3240,33.511962890625,0.0028750000055879354,-1,107.04998779296875,60.0,4,0,60.75029754638672,26.285808563232422,-1,71.54000091552734,60.0,3,0,2,True
3255,33.769962310791016,0.0028750000055879354,1,107.04998779296875,60.0,4,0,50.73719024658203,0.002875000238418579,-1,71.54000091552734,60.0,3,0,2,True
3270,41.366390228271484,0.0028750000055879354,1,107.04998779296875,59.160003662109375,4,0,36.962223052978516,24.84287452697754,-1,71.54000091552734,60.0,3,0,2,True
3285,41.68613815307617,0.0028750000055879354,1,107.04998779296875,56.360015869140625,4,0,25.4317684173584,19.875099182128906,-1,71.54000091552734,60.0,3,1,2,True
3300,33.20938491821289,9.032873153686523,1,107.04998779296875,57.410011291503906,4,0,23.38518714904785,16.995100021362305,-1,71.54000091552734,60.0,3,0,2,True
3315,54.76945877075195,46.17656707763672,-1,118.59999084472656,58.46000671386719,4,0,19.701936721801758,0.0028748512268066406,-1,71.54000091552734,60.0,3,0,2,True
3330,93.43742370605469,95.65413665771484,-1,118.59999084472656,59.51000213623047,4,0,8.6536865234375,0.0028750000055879354,-1,71.54000091552734,60.0,3,0,2,True
3345,126.2060546875,130.82525634765625,-1,118.59999084472656,60.0,4,0,18.551027297973633,28.982877731323242,1,71.54000091552734,60.0,3,0,2,True
3360,153.07537841796875,156.15396118164062,-1,118.59999084472656,60.0,4,0,8.886653900146484,50.372886657714844,1,71.54000091552734,60.0,3,0,2,True
3375,174.04534912109375,171.64024353027344,-1,118.59999084472656,60.0,4,0,3.0111520290374756,42.750099182128906,1,71.54000091552734,60.0,3,0,2,True
3390,182.327880859375,177.28407287597656,-1,119.59999084472656,60.0,4,0,22.23740577697754,32.40010070800781,1,71.54000091552734,60.0,3,0,2,True
3405,171.45162963867188,173.08546447753906,-1,119.59999084472656,60.0,4,0,28.62740707397461,19.875099182128906,1,71.54000091552734,60.0,3,0,2,True
3420,157.55612182617188,154.54437255859375,-1,119.59999084472656,60.0,4,0,16.833969116210938,8.985101699829102,-1,71.54000091552734,60.0,3,0,2,True
3435,139.1334686279297,130.55825805664062,-1,119.59999084472656,60.0,4,0,3.618091106414795,0.0028750000055879354,-1,71.54000091552734,60.0,3,0,2,True
3450,122.54830932617188,106.55827331542969,-1,120.59999084472656,60.0,4,0,14.552162170410156,0.0028750000055879354,1,71.54000091552734,60.0,3,0,2,True
3465,105.14081573486328,82.55829620361328,-1,120.59999084472656,60.0,4,0,26.87677574157715,0.0028750000055879354,-1,71.54000091552734,60.0,3,0,2,True
3480,85.14398193359375,58.558319091796875,-1,120.59999084472656,60.0,4,0,42.120506286621094,10.352875709533691,-1,71.54000091552734,60.0,3,0,2,True
3495,86.2914810180664,34.55834197998047,-1,120.59999084472656,60.0,4,0,51.04763412475586,27.88287353515625,-1,71.54000091552734,60.0,3,0,2,True
3510,84.64149475097656,10.558338165283203,-1,120.59999084472656,60.0,4,0,46.03488540649414,47.67887878417969,-1,71.54000091552734,60.0,3,0,2,True
3525,68.04754638671875,-8.776224136352539,-1,120.59999084472656,60.0,4,0,36.079891204833984,36.88887023925781,-1,71.54000091552734,60.0,3,0,2,True
3540,73.3034439086914,1.9277751445770264,1,120.59999084472656,60.0,4,0,27.990385055541992,19.875099182128906,-1,71.54000091552734,60.0,3,0,2,True
3555,71.5526123046875,11.31777286529541,1,120.59999084472656,60.0,4,0,23.630258560180664,-0.5748996734619141,-1,71.54000091552734,60.0,3,0,2,True
3570,73.33056640625,1.4357717037200928,1,120.59999084472656,60.0,4,0,19.787755966186523,0.0028750000055879354,-1,71.54000091552734,60.0,3,0,2,True
3585,67.81320190429688,15.685770034790039,1,120.59999084472656,60.0,4,0,10.427905082702637,0.0028750000055879354,-1,71.54000091552734,60.0,3,0,2,True
3600,61.24820327758789,10.58376693725586,1,120.59999084472656,60.0,4,0,6.041728973388672,0.0028750000055879354,-1,71.54000091552734,60.0,3,0,2,True
3615,48.12841796875,0.0028750000055879354,1,120.59999084472656,59.44000244140625,4,0,20.599096298217773,0.0028750000055879354,-1,71.54000091552734,60.0,3,0,2,True
3630,47.89216995239258,0.0028750000055879354,1,120.59999084472656,55.240020751953125,4,0,26.939678192138672,0.0028750000055879354,-1,71.54000091552734,60.0,3,0,2,True
3645,47.89216995239258,0.0028750000055879354,1,120.59999084472656,51.0400390625,4,0,26.939678192138672,0.0028750000055879354,-1,71.54000091552734,60.0,3,0,2,True
3660,47.89216995239258,0.0028750000055879354,1,120.59999084472656,46.840057373046875,4,0,1.5321776866912842,0.0028750000055879354,1,71.54000091552734,60.0,3,0,2,True
3675,47.89216995239258,0.0028750000055879354,1,120.59999084472656,42.64007568359375,4,0,24.7428035736084,10.02287483215332,1,71.54000091552734,60.0,3,0,2,True
3690,47.58092498779297,0.0028750000055879354,1,120.59999084472656,34.66008377075195,4,0,38.2628059387207,0.0028750000055879354,1,71.54000091552734,60.0,3,0,2,True
3705,49.54367446899414,0.0028750000055879354,1,120.59999084472656,30.460086822509766,4,0,42.870811462402344,0.0028750000055879354,1,71.54000091552734,60.0,3,0,2,True
3720,50.143672943115234,0.0028750000055879354,1,120.59999084472656,24.300079345703125,4,0,49.150814056396484,0.0028750000055879354,1,71.54000091552734,60.0,3,0,2,True
3735,45.518436431884766,0.0028750000055879354,1,120.59999084472656,21.22007179260254,4,0,52.37880325317383,0.30166977643966675,1,71.54000091552734,60.0,3,0,2,True
3750,45.518436431884766,0.0028750000055879354,1,120.59999084472656,17.020061492919922,4,0,52.37880325317383,0.30166977643966675,1,71.54000091552734,60.0,3,0,2,True
3765,50.243438720703125,0.0028750000055879354,-1,127.59999084472656,15.620058059692383,4,0,44.150062561035156,0.0028750000055879354,-1,71.54000091552734,60.0,3,0,2,True
3780,85.2150650024414,39.999427795410156,-1,127.59999084472656,16.670053482055664,4,0,29.646799087524414,0.0028750000055879354,-1,71.54000091552734,60.0,3,0,2,True
3795,110.82794189453125,59.38899612426758,-1,127.59999084472656,17.720048904418945,4,0,18.100934982299805,0.0028750000055879354,-1,71.54000091552734,60.0,3,0,2,True
3810,130.04458618164062,68.51154327392578,-1,127.59999084472656,18.770044326782227,4,0,36.59476089477539,21.484874725341797,1,71.54000091552734,60.0,3,0,2,True
3825,138.74307250976562,68.10707092285156,-1,127.59999084472656,19.820039749145508,4,0,36.42451095581055,53.22488021850586,1,71.54000091552734,60.0,3,0,2,True
3840,127.32474517822266,55.47564697265625,-1,130.50999450683594,20.87003517150879,4,0,30.99776268005371,18.904876708984375,1,71.54000091552734,60.0,3,0,2,True
3855,108.62806701660156,32.68342971801758,-1,133.4199981689453,21.92003059387207,4,0,36.20402145385742,19.875099182128906,-1,71.54000091552734,60.0,3,0,2,True
3870,89.67117309570312,8.68342399597168,-1,133.4199981689453,22.97002601623535,4,0,46.30047607421875,19.875099182128906,-1,71.54000091552734,60.0,3,0,2,True
3885,68.04754638671875,-8.776224136352539,-1,133.4199981689453,24.020021438598633,4,0,52.33958435058594,-3.3748996257781982,-1,71.54000091552734,60.0,3,0,2,True
3900,73.24737548828125,1.9277751445770264,1,133.4199981689453,25.070016860961914,4,0,52.783905029296875,0.40993398427963257,-1,71.54000091552734,60.0,3,0,2,True
3915,68.77250671386719,9.787774085998535,1,133.4199981689453,26.120012283325195,4,0,47.806705474853516,4.526364326477051,1,80.77999877929688,60.0,3,0,2,True
3930,64.6064682006836,9.577770233154297,1,133.4199981689453,27.170007705688477,4,0,15.155200958251953,4.807574272155762,1,80.77999877929688,60.0,3,0,2,True
3945,46.45230484008789,12.91576862335205,1,133.4199981689453,28.220003128051758,4,0,-8.638092994689941,0.0028750000055879354,1,80.77999877929688,60.0,3,0,2,True
3960,26.45542335510254,22.365768432617188,1,133.4199981689453,29.26999855041504,4,0,-21.09617042541504,0.0028750000055879354,1,80.77999877929688,60.0,3,0,2,True
3975,7.191677093505859,13.743764877319336,1,133.4199981689453,30.31999397277832,4,0,-36.58381271362305,0.0028750000055879354,1,80.77999877929688,60.0,3,0,2,True
3990,-5.477072715759277,0.0028750000055879354,1,133.4199981689453,31.3699893951416,4,0,-54.12139892578125,0.6238750219345093,1,80.77999877929688,60.0,3,0,2,True
4005,-19.277074813842773,8.03287410736084,1,133.4199981689453,32.419986724853516,4,0,-47.215126037597656,0.0028750000055879354,1,81.77999877929688,60.0,3,0,2,True
4020,-15.997702598571777,8.31887149810791,1,133.4199981689453,33.4699821472168,4,0,-59.605831146240234,15.296344757080078,1,90.29999542236328,60.0,3,0,2,True
4035,-1.072076439857483,0.0028750000055879354,1,133.4199981689453,34.51997756958008,4,0,-86.84394836425781,9.565384864807129,1,90.29999542236328,60.0,3,0,2,True
4050,-10.937074661254883,8.03287410736084,1,133.4199981689453,35.56997299194336,4,0,-107.09176635742188,-6.075657367706299,1,90.29999542236328,60.0,3,0,2,True
4065,-28.46269989013672,0.0028750000055879354,1,133.4199981689453,36.61996841430664,4,0,-116.9393081665039,-4.252772331237793,1,90.29999542236328,60.0,3,0,2,True
4080,-38.53270721435547,2.038874864578247,-1,133.4199981689453,37.66996383666992,4,0,-110.75652313232422,28.74602699279785,1,90.29999542236328,60.0,3,0,2,True
4095,-57.93895721435547,9.148873329162598,-1,133.4199981689453,38.7199592590332,4,0,-102.19279479980469,21.54952621459961,1,90.29999542236328,60.0,3,0,2,True
4110,-71.86492156982422,16.810871124267578,-1,133.4199981689453,39.769954681396484,4,0,-64.43946075439453,21.38286018371582,1,90.29999542236328,60.0,3,0,2,True
4125,-64.76969146728516,50.69890594482422,1,140.0699920654297,40.819950103759766,4,0,-25.0694637298584,17.78286361694336,1,90.29999542236328,60.0,3,0,2,True
4140,-58.79661178588867,83.42118835449219,1,140.0699920654297,41.86994552612305,4,0,-13.509716987609863,8.677894592285156,1,90.29999542236328,60.0,3,0,2,True
4155,-54.22665023803711,101.01456451416016,1,140.0699920654297,42.91994094848633,4,0,-6.066592693328857,0.0028750000055879354,-1,90.29999542236328,60.0,3,0,2,True
4170,-51.307193756103516,106.9190673828125,1,140.0699920654297,43.96993637084961,4,0,-32.737396240234375,0.0028750000055879354,-1,90.29999542236328,60.0,3,0,2,True
4185,-63.10287094116211,97.23471069335938,1,140.0699920654297,45.01993179321289,4,0,-42.88581466674805,0.0028750000055879354,1,90.29999542236328,60.0,3,0,2,True
4200,-82.69808959960938,76.49459075927734,1,140.0699920654297,46.06992721557617,4,0,-48.36760711669922,0.0028750000055879354,1,90.29999542236328,60.0,3,0,2,True
4215,-99.94495391845703,52.49461364746094,1,140.0699920654297,47.11992263793945,4,0,-38.22132110595703,0.0028750000055879354,1,90.29999542236328,60.0,3,0,2,True
4230,-89.47470092773438,28.494630813598633,1,140.0699920654297,48.169918060302734,4,0,-52.81373596191406,13.342875480651855,1,90.29999542236328,60.0,3,0,2,True
4245,-98.57207489013672,4.494626522064209,1,140.0699920654297,49.219913482666016,4,0,-60.977439880371094,30.592872619628906,1,90.29999542236328,60.0,3,0,2,True
4260,-81.80413818359375,3.7106266021728516,1,140.0699920654297,50.2699089050293,4,0,-57.1939697265625,-0.6571316719055176,1,90.29999542236328,60.0,3,0,2,True
4275,-86.02851867675781,12.2006254196167,1,140.0699920654297,51.31990432739258,4,0,-54.31146240234375,13.963874816894531,1,90.29999542236328,60.0,3,0,2,True
4290,-83.93016052246094,-1.56537663936615,1,140.0699920654297,52.36989974975586,4,0,-47.425716400146484,31.2138729095459,1,90.29999542236328,60.0,3,0,2,True
4305,-68.04754638671875,-8.776224136352539,1,140.0699920654297,53.41989517211914,4,0,-39.864715576171875,19.02789306640625,1,90.29999542236328,60.0,3,0,2,True
4320,-68.72956085205078,-3.882225751876831,1,140.0699920654297,54.46989059448242,4,0,-39.741214752197266,19.02789306640625,1,90.29999542236328,60.0,3,0,2,True
4335,-50.71614456176758,0.002875000238418579,1,140.0699920654297,55.5198860168457,4,0,-29.101215362548828,19.02789306640625,1,90.29999542236328,60.0,3,0,2,True
4350,-45.8986701965332,0.0028750000055879354,1,140.0699920654297,52.71989822387695,4,0,-12.60146427154541,3.8478944301605225,1,90.29999542236328,60.0,3,0,2,True
4365,-45.8986701965332,2.9608747959136963,1,140.0699920654297,50.969905853271484,4,0,-11.425773620605469,18.632875442504883,1,90.29999542236328,60.0,3,0,2,True
4380,-34.04692840576172,9.110873222351074,1,140.0699920654297,52.019901275634766,4,0,-10.262523651123047,28.982872009277344,1,90.29999542236328,60.0,3,0,2,True
4395,-17.155048370361328,2.7928690910339355,1,153.71998596191406,53.06989669799805,4,0,-2.232273578643799,-0.6571316719055176,1,90.29999542236328,60.0,3,0,2,True
4410,-60.839378356933594,61.135536193847656,1,153.71998596191406,54.11989212036133,4,0,2.028977155685425,0.0028750000055879354,1,90.29999542236328,60.0,3,0,2,True
4425,-118.40826416015625,121.4601058959961,1,153.71998596191406,55.16988754272461,4,0,2.136477470397949,12.114875793457031,-1,90.29999542236328,60.0,3,0,2,True
4440,-169.12545776367188,170.0957489013672,1,153.71998596191406,56.21988296508789,4,0,10.346929550170898,42.750099182128906,-1,90.29999542236328,60.0,3,0,2,True
4455,-199.13040161132812,197.40565490722656,1,153.71998596191406,57.26987838745117,3,0,23.75709342956543,24.27010154724121,-1,90.29999542236328,60.0,3,0,2,True
4470,-199.13040161132812,197.40565490722656,1,153.71998596191406,58.31987380981445,3,0,28.99059295654297,0.0028750000055879354,-1,90.29999542236328,60.0,3,0,2,True
4485,-199.13040161132812,197.40565490722656,1,153.71998596191406,59.369869232177734,3,0,17.069564819335938,0.0028750000055879354,1,90.29999542236328,60.0,3,0,2,True
4500,-199.13040161132812,197.40565490722656,1,153.71998596191406,60.0,3,0,-5.950433254241943,0.0028750000055879354,-1,90.29999542236328,60.0,3,0,2,True
4515,0.0,107.625,-1,0.0,60.0,3,0,1.2615200281143188,27.27887725830078,1,90.29999542236328,60.0,3,0,2,True
4530,0.0,95.4375,-1,0.0,60.0,3,0,11.760234832763672,42.750099182128906,1,90.29999542236328,60.0,3,0,2,True
4545,0.0,83.25,-1,0.0,60.0,3,0,23.476503372192383,14.860099792480469,1,90.29999542236328,60.0,3,0,2,True
4560,0.0,71.0625,-1,0.0,60.0,3,0,25.097877502441406,0.0028750000055879354,1,90.29999542236328,60.0,3,0,2,True
4575,-2.788749933242798,63.11000061035156,-1,0.0,60.0,3,0,4.4126458168029785,0.0028750000055879354,-1,90.29999542236328,60.0,3,0,2,True
4590,-20.535627365112305,45.830013275146484,-1,0.0,60.0,3,0,9.180733680725098,0.0028750000055879354,1,90.29999542236328,60.0,3,0,2,True
4605,-8.949254989624023,21.83002281188965,-1,0.0,60.0,3,0,23.006332397460938,0.0028750000055879354,-1,90.29999542236328,60.0,3,0,2,True
4620,5.41324520111084,4.230020046234131,-1,0.0,60.0,3,0,26.088830947875977,0.0028750000055879354,-1,102.29999542236328,60.0,3,0,2,True
4635,12.16199779510498,0.0028750000055879354,-1,0.0,60.0,3,0,62.65473175048828,14.574174880981445,-1,102.29999542236328,60.0,3,0,2,True
4650,12.16199779510498,0.0028750000055879354,-1,0.0,60.0,3,0,97.14201354980469,5.878191947937012,-1,102.29999542236328,60.0,3,0,2,True
4665,25.829063415527344,0.0028750000055879354,1,0.0,60.0,3,0,123.37486267089844,-10.788993835449219,-1,102.29999542236328,60.0,3,0,2,True
4680,40.80593490600586,6.0188751220703125,1,0.0,60.0,3,0,138.8070526123047,-15.15937328338623,-1,102.29999542236328,60.0,3,0,2,True
4695,54.80281448364258,19.458873748779297,1,0.0,60.0,3,0,136.2366943359375,22.52102279663086,-1,103.29999542236328,60.0,3,0,2,True
4710,57.91719436645508,18.498868942260742,1,0.0,60.0,3,0,125.83920288085938,1.4108364582061768,-1,103.29999542236328,60.0,3,0,2,True
4725,50.919193267822266,0.32286667823791504,1,0.0,60.0,3,0,123.12503051757812,1.4108364582061768,-1,103.29999542236328,60.0,3,0,2,True
4740,47.122318267822266,0.0028750000055879354,1,0.0,60.0,3,0,59.788265228271484,4.086678981781006,-1,106.29999542236328,60.0,3,0,2,True
4755,47.122318267822266,0.0028750000055879354,1,0.0,60.0,3,0,62.95780944824219,2.570049285888672,-1,109.29999542236328,60.0,3,0,2,True
4770,47.122318267822266,0.0028750000055879354,1,0.0,60.0,3,0,68.73119354248047,-19.559467315673828,-1,109.29999542236328,60.0,3,0,2,True
4785,47.122318267822266,0.0028750000055879354,1,0.0,60.0,3,0,65.5361557006836,-59.7130241394043,-1,109.29999542236328,60.0,3,0,2,True
4800,47.122318267822266,0.0028750000055879354,1,0.0,60.0,3,0,60.263877868652344,-82.11304473876953,-1,109.29999542236328,60.0,3,0,2,True
4815,47.122318267822266,0.0028750000055879354,1,0.0,60.0,3,0,59.61827850341797,-82.53303527832031,-1,109.29999542236328,60.0,3,0,2,True
4830,47.122318267822266,0.0028750000055879354,1,0.0,60.0,3,0,59.61827850341797,-85.90804290771484,-1,109.29999542236328,60.0,3,0,2,True
4845,54.03207015991211,5.342875003814697,1,0.0,60.0,3,0,59.61827850341797,-51.28303146362305,-1,109.29999542236328,60.0,3,0,2,True
4860,58.48257064819336,8.612872123718262,1,0.0,60.0,3,0,64.64456939697266,-13.783014297485352,-1,109.29999542236328,60.0,3,0,2,True
4875,48.0208625793457,0.0028750000055879354,1,0.0,60.0,3,0,80.10054779052734,-23.15263557434082,-1,111.29999542236328,60.0,3,0,2,True
4890,50.37461471557617,0.0028750000055879354,1,0.0,60.0,3,0,90.43159484863281,-58.081947326660156,-1,111.29999542236328,60.0,3,0,2,True
4905,67.1322021484375,0.43187499046325684,1,0.0,60.0,3,0,92.0848617553711,-56.95042419433594,-1,111.29999542236328,60.0,3,0,2,True
4920,77.15519714355469,-20.81612777709961,1,0.0,60.0,3,0,92.0848617553711,-58.75041961669922,-1,111.29999542236328,60.0,3,0,2,True
4935,77.2199478149414,-44.81611633300781,1,0.0,60.0,3,0,82.16045379638672,-57.0109748840332,-1,111.29999542236328,60.0,3,0,2,True
4950,73.74764251708984,-28.003707885742188,1,14.0,60.0,3,0,92.35377502441406,-46.41481399536133,-1,118.29999542236328,60.0,3,0,2,True
4965,69.55455780029297,-19.98355484008789,1,14.0,60.0,3,0,104.9076919555664,-64.43628692626953,-1,118.29999542236328,60.0,3,0,2,True
4980,67.35408782958984,-27.004051208496094,1,14.0,60.0,3,0,112.13223266601562,-84.2601547241211,-1,118.29999542236328,60.0,3,0,2,True
4995,63.7816276550293,-18.460674285888672,-1,14.0,60.0,3,0,114.08262634277344,-80.63101959228516,-1,118.29999542236328,60.0,3,0,2,True
5010,67.76496887207031,-10.990677833557129,-1,14.0,60.0,3,0,114.08262634277344,-83.10601043701172,-1,118.29999542236328,60.0,3,0,2,True
5025,68.04754638671875,-8.776224136352539,-1,14.0,60.0,3,0,106.04928588867188,-64.98004150390625,-1,118.29999542236328,60.0,3,0,2,True
5040,69.19058990478516,-2.4633538722991943,-1,14.0,60.0,3,0,90.65497589111328,-24.295093536376953,-1,118.29999542236328,60.0,3,0,2,True
5055,61.256675720214844,0.6238750219345093,-1,14.0,60.0,3,0,81.54779815673828,-7.520008087158203,-1,118.29999542236328,60.0,3,0,2,True
5070,42.3979377746582,0.0028750000055879354,-1,14.0,60.0,3,0,70.92792510986328,-40.913047790527344,-1,118.29999542236328,60.0,3,0,2,True
5085,25.046804428100586,0.0028750000055879354,-1,14.0,60.0,3,0,63.589168548583984,-91.91307067871094,-1,118.29999542236328,60.0,3,0,2,True
5100,32.0900993347168,0.0028750000055879354,-1,14.0,60.0,3,0,61.73116683959961,-142.91305541992188,-1,118.29999542236328,60.0,3,0,2,True
5115,38.65553283691406,2.9608747959136963,-1,14.0,60.0,3,0,61.73116683959961,-146.31304931640625,-1,118.29999542236328,60.0,2,0,2,True
5130,58.6017951965332,9.110873222351074,-1,14.0,60.0,3,0,61.73116683959961,-146.31304931640625,-1,118.29999542236328,60.0,2,0,2,True
5145,68.4881591796875,-8.279905319213867,-1,14.0,60.0,3,0,61.73116683959961,-146.31304931640625,-1,118.29999542236328,60.0,2,0,2,True
5160,69.6286849975586,0.9177755117416382,-1,14.0,60.0,3,0,61.73116683959961,-146.31304931640625,-1,118.29999542236328,60.0,2,0,2,True
5175,85.57203674316406,11.267773628234863,-1,14.0,60.0,3,0,0.0,100.3125,-1,0.0,60.0,2,0,2,True
5190,85.98567962646484,7.217769622802734,-1,14.0,60.0,3,0,0.0,88.125,-1,0.0,60.0,2,0,2,True
5205,68.17562103271484,-8.629585266113281,-1,14.0,60.0,3,0,0.0,75.9375,-1,0.0,60.0,2,0,2,True
5220,69.84468078613281,3.129775285720825,-1,14.0,60.0,3,0,0.0,63.75,-1,0.0,60.0,2,0,2,True
5235,87.49268341064453,11.559772491455078,-1,14.0,60.0,3,0,0.0,39.71998977661133,-1,0.0,60.0,2,0,2,True
5250,85.80694580078125,5.589768886566162,-1,14.0,60.0,3,0,-3.379499912261963,0.0028750000055879354,-1,0.0,60.0,2,0,2,True
5265,68.04754638671875,-8.776224136352539,-1,14.0,60.0,3,0,-1.0821269750595093,6.102874279022217,1,0.0,60.0,2,0,2,True
5280,65.56341552734375,2.253221035003662,-1,14.0,60.0,3,0,10.296777725219727,-3.7971301078796387,1,0.0,60.0,2,0,2,True
5295,53.96226119995117,17.221561431884766,-1,14.0,60.0,3,0,12.845529556274414,7.772873878479004,1,0.0,60.0,2,0,2,True
5310,51.99463653564453,26.941556930541992,-1,14.0,60.0,3,0,12.845529556274414,0.0028750000055879354,1,0.0,60.0,2,0,2,True
5325,34.56843185424805,41.965553283691406,-1,14.0,60.0,3,0,29.855531692504883,18.632875442504883,1,0.0,60.0,2,0,2,True
5340,39.264930725097656,47.44355392456055,-1,14.0,60.0,3,0,45.28378677368164,28.982872009277344,1,0.0,60.0,2,0,2,True
5355,28.829938888549805,42.43354797363281,-1,14.0,60.0,3,0,48.0445442199707,0.0028750000055879354,1,0.0,60.0,2,0,2,True
5370,9.339311599731445,24.77355194091797,-1,14.0,60.0,3,0,48.0445442199707,0.0028750000055879354,1,0.0,60.0,2,0,2,True
5385,-3.025188446044922,2.8735551834106445,-1,14.0,60.0,3,0,48.0445442199707,0.0028750000055879354,1,0.0,60.0,2,0,2,True
5400,-5.678186893463135,4.610875129699707,-1,14.0,60.0,3,0,32.88454055786133,0.0028750000055879354,-1,0.0,60.0,2,0,2,True
5415,3.493562698364258,15.810873985290527,-1,14.0,60.0,3,0,12.583240509033203,0.0028750000055879354,-1,0.0,51.334693908691406,2,0,2,True
5430,-13.132063865661621,20.610870361328125,-1,14.0,60.0,3,0,21.389039993286133,7.132875442504883,-1,0.0,51.61469268798828,2,0,2,True
5445,-6.737316131591797,9.282866477966309,-1,14.0,60.0,3,0,9.411261558532715,31.282873153686523,-1,0.0,52.66468811035156,2,0,2,True
5460,-8.718313217163086,0.0028750000055879354,-1,14.0,60.0,3,0,0.7168843746185303,0.0028750000055879354,-1,0.0,53.714683532714844,2,0,2,True
5475,-0.21831423044204712,0.0028750000055879354,1,14.0,60.0,3,0,11.576881408691406,0.0028750000055879354,-1,0.0,54.764678955078125,2,0,2,True
5490,-0.21831423044204712,0.0028750000055879354,1,14.0,60.0,3,0,-14.781511306762695,24.93741226196289,-1,11.0,55.814674377441406,2,0,2,True
5505,-0.21831423044204712,0.0028750000055879354,1,14.0,60.0,3,0,-29.452436447143555,30.1285343170166,-1,11.0,56.86466979980469,2,0,2,True
5520,-8.461189270019531,9.858874320983887,1,14.0,60.0,3,0,-40.66267013549805,23.568927764892578,-1,11.0,57.91466522216797,2,0,2,True
5535,-24.74152183532715,24.294889450073242,-1,14.0,60.0,3,0,-47.766021728515625,19.02789306640625,-1,11.0,58.96466064453125,2,0,2,True
5550,-35.10194778442383,19.02789306640625,-1,14.0,60.0,3,0,-47.836517333984375,19.02789306640625,-1,11.0,60.0,2,0,2,True
5565,-32.583438873291016,28.648029327392578,-1,19.0,60.0,3,0,-47.836517333984375,19.02789306640625,-1,11.0,60.0,2,0,2,True
5580,-0.6408466100692749,30.111873626708984,-1,19.0,60.0,3,0,-42.546897888183594,48.92789077758789,-1,11.0,60.0,2,0,2,True
5595,20.361038208007812,17.71903419494629,-1,19.0,60.0,3,0,-30.94601821899414,33.15788269042969,-1,11.0,60.0,2,0,2,True
5610,19.614967346191406,12.561506271362305,-1,19.0,60.0,3,0,-24.146514892578125,0.0028750000055879354,-1,11.0,60.0,2,0,2,True
5625,14.903787612915039,26.095504760742188,-1,19.0,60.0,3,0,3.9442319869995117,0.0028750000055879354,1,11.0,60.0,2,0,2,True
5640,9.72716236114502,24.925500869750977,-1,19.0,60.0,3,0,27.424930572509766,18.632875442504883,1,11.0,60.0,2,0,2,True
5655,6.626371383666992,28.049205780029297,1,34.0,60.0,3,0,32.156532287597656,30.59287452697754,1,11.0,60.0,2,0,2,True
5670,-6.585519790649414,26.132028579711914,1,34.0,60.0,3,0,33.00320816040039,0.0028750000055879354,1,11.0,60.0,2,0,2,True
5685,-13.5086088180542,8.965536117553711,1,34.0,60.0,3,0,27.070959091186523,23.00287437438965,1,11.0,60.0,2,0,2,True
5700,-20.38865089416504,0.0028750000055879354,1,34.0,60.0,3,0,18.926456451416016,10.882875442504883,1,11.0,60.0,2,0,2,True
5715,-4.094898223876953,0.0028750000055879354,1,34.0,60.0,3,0,20.66545867919922,0.0028750000055879354,1,11.0,60.0,2,0,2,True
5730,0.5576015710830688,0.0028750000055879354,1,34.0,56.360015869140625,3,0,36.01358413696289,0.0028750000055879354,-1,11.0,60.0,2,0,2,True
5745,-9.392635345458984,0.0028750000055879354,1,34.0,55.66001892089844,3,0,5.693580627441406,0.0028750000055879354,-1,11.0,60.0,2,0,2,True
5760,-14.096359252929688,0.0028750000055879354,1,34.0,56.71001434326172,3,0,-12.7841215133667,10.362874984741211,-1,11.0,60.0,2,0,2,True
5775,-13.086421012878418,0.0028750000055879354,-1,36.0,57.760009765625,3,0,-27.138202667236328,0.0028750000055879354,-1,11.0,60.0,2,0,2,True
5790,-13.086421012878418,0.0028750000055879354,-1,36.0,58.81000518798828,3,0,-26.189844131469727,0.0028750000055879354,1,11.0,60.0,2,0,2,True
5805,-21.552833557128906,31.513845443725586,-1,38.0,59.86000061035156,3,0,-21.50494956970215,0.0028750000055879354,1,11.0,60.0,2,0,2,True
5820,-21.552833557128906,57.01561737060547,-1,43.459999084472656,60.0,3,0,-21.50494956970215,0.0028750000055879354,1,11.0,60.0,2,0,2,True
5835,-21.552833557128906,64.02238464355469,-1,43.459999084472656,60.0,3,0,-23.160825729370117,31.972875595092773,1,11.0,60.0,2,0,2,True
5850,-20.724084854125977,62.71844482421875,-1,57.40999984741211,60.0,3,0,-25.153575897216797,51.01688003540039,1,11.0,60.0,2,0,2,True
5865,14.588513374328613,78.73560333251953,-1,57.40999984741211,60.0,3,0,-17.586450576782227,41.35688400268555,1,11.0,60.0,2,0,2,True
5880,37.68153381347656,76.89171600341797,-1,57.40999984741211,60.0,3,0,-7.303450584411621,-0.24111318588256836,1,11.0,60.0,2,0,2,True
5895,55.34135055541992,67.52680206298828,-1,57.40999984741211,60.0,3,0,10.5994234085083,0.0028750000055879354,1,11.0,60.0,2,0,2,True
5910,66.41219329833984,46.88093948364258,-1,57.40999984741211,60.0,3,0,34.78691864013672,0.0028750000055879354,1,11.0,60.0,2,0,2,True
5925,48.05594253540039,54.40694046020508,-1,57.40999984741211,60.0,3,0,39.19566345214844,0.0028750000055879354,-1,11.0,60.0,2,0,2,True
5940,43.114315032958984,60.91693878173828,-1,57.40999984741211,60.0,3,0,11.688159942626953,0.0028750000055879354,-1,11.0,60.0,2,0,2,True
5955,58.206443786621094,38.438961029052734,-1,57.40999984741211,60.0,3,0,1.9539166688919067,26.4528751373291,-1,11.0,60.0,2,0,2,True
5970,43.70556640625,19.875099182128906,-1,57.40999984741211,60.0,3,0,8.49429702758789,12.902873992919922,-1,11.0,60.0,2,0,2,True
5985,39.97557067871094,19.875099182128906,-1,57.40999984741211,60.0,3,0,12.357278823852539,0.0028750000055879354,-1,11.0,60.0,2,0,2,True
6000,39.97557067871094,19.311100006103516,1,57.40999984741211,60.0,3,0,12.357278823852539,0.0028750000055879354,-1,11.0,60.0,2,0,2,True
6015,30.929569244384766,3.683098077774048,1,57.40999984741211,60.0,3,0,17.070280075073242,24.84287452697754,-1,11.0,60.0,2,0,2,True
6030,38.66231155395508,0.0028750000055879354,1,57.40999984741211,60.0,3,0,15.956531524658203,24.842870712280273,-1,11.0,60.0,2,0,2,True
6045,37.000938415527344,2.038874864578247,1,57.40999984741211,60.0,3,0,5.06565523147583,0.0028750000055879354,-1,11.0,60.0,2,0,2,True
6060,26.92181968688965,9.148873329162598,1,57.40999984741211,60.0,3,0,7.489154815673828,8.202875137329102,1,11.0,60.0,2,0,2,True
6075,42.96095275878906,0.0028750000055879354,1,57.40999984741211,60.0,3,0,29.389158248901367,-1.697127342224121,1,11.0,60.0,2,0,2,True
6090,45.27657699584961,0.0028750000055879354,-1,57.40999984741211,60.0,3,0,34.37643051147461,-2.1733007431030273,-1,11.0,60.0,2,0,2,True
6105,45.27657699584961,0.0028750000055879354,-1,57.40999984741211,60.0,3,0,49.3760871887207,30.429895401000977,1,21.009998321533203,60.0,2,0,2,True
6120,45.27657699584961,0.0028750000055879354,-1,57.40999984741211,60.0,3,0,49.3760871887207,35.805763244628906,1,21.009998321533203,60.0,2,0,2,True
6135,50.812828063964844,15.93287467956543,-1,57.40999984741211,60.0,3,0,49.3760871887207,29.70660400390625,1,21.009998321533203,60.0,2,0,2,True
6150,50.62253189086914,24.268875122070312,-1,57.40999984741211,60.0,3,0,49.3760871887207,21.7617130279541,1,49.0099983215332,60.0,2,0,2,True
6165,50.62253189086914,29.04287338256836,-1,57.40999984741211,60.0,3,0,-14.954679489135742,51.53529357910156,1,49.0099983215332,60.0,2,0,2,True
6180,50.62253189086914,23.07286834716797,-1,57.40999984741211,60.0,3,0,-90.61589813232422,64.99877166748047,1,49.0099983215332,60.0,2,0,2,True
6195,50.62253189086914,4.958864212036133,-1,57.40999984741211,60.0,3,0,-157.0200653076172,71.64119720458984,1,49.0099983215332,60.0,2,0,2,True
6210,50.62253189086914,0.0028750000055879354,-1,57.40999984741211,60.0,3,0,-199.8330535888672,72.20259857177734,1,49.0099983215332,60.0,1,0,2,True
6225,50.62253189086914,0.0028750000055879354,-1,57.40999984741211,60.0,3,0,-199.8330535888672,72.20259857177734,1,49.0099983215332,60.0,1,0,2,True
6240,50.62253189086914,0.0028750000055879354,-1,57.40999984741211,60.0,3,0,-199.8330535888672,72.20259857177734,1,49.0099983215332,60.0,1,0,2,True
6255,50.62253189086914,0.0028750000055879354,-1,57.40999984741211,60.0,3,0,-199.8330535888672,72.20259857177734,1,49.0099983215332,60.0,1,0,2,True
6270,50.62253189086914,0.0028750000055879354,-1,57.40999984741211,60.0,3,0,0.0,108.4375,-1,0.0,60.0,1,0,2,True
6285,50.62253189086914,0.0028750000055879354,-1,57.40999984741211,60.0,3,0,0.0,96.25,-1,0.0,60.0,1,0,2,True
6300,50.62253189086914,0.0028750000055879354,-1,57.40999984741211,60.0,3,0,0.0,84.0625,-1,0.0,60.0,1,0,2,True
6315,50.62253189086914,0.0028750000055879354,-1,57.40999984741211,60.0,3,0,0.0,71.875,-1,0.0,60.0,1,0,2,True
6330,50.62253189086914,0.0028750000055879354,-1,57.40999984741211,60.0,3,0,0.0,56.71999740600586,-1,0.0,60.0,1,0,2,True
6345,50.62253189086914,0.0028750000055879354,-1,57.40999984741211,60.0,3,0,0.0,5.71998929977417,-1,0.0,60.0,1,0,2,True
6360,50.62253189086914,0.0028750000055879354,-1,57.40999984741211,60.0,3,0,12.846248626708984,0.0028750000055879354,1,0.0,60.0,1,0,2,True
6375,50.62253189086914,0.0028750000055879354,-1,57.40999984741211,60.0,3,0,38.83625030517578,0.0028750000055879354,1,0.0,60.0,1,0,2,True
6390,52.42252731323242,0.31335511803627014,-1,57.40999984741211,60.0,3,0,45.22624206542969,0.0028750000055879354,1,0.0,60.0,1,0,2,True
6405,52.42252731323242,0.31335511803627014,-1,77.72273254394531,60.0,3,0,45.22624206542969,0.0028750000055879354,1,0.0,60.0,1,0,2,True
6420,86.36907958984375,56.83728790283203,-1,77.72273254394531,60.0,3,0,45.22624206542969,0.0028750000055879354,1,0.0,60.0,1,0,2,True
6435,124.10147857666016,113.8001937866211,-1,77.72273254394531,60.0,3,0,45.22624206542969,0.0028750000055879354,1,0.0,60.0,1,0,2,True
6450,156.62014770507812,158.0569610595703,-1,77.72273254394531,60.0,3,0,39.65748977661133,0.0028750000055879354,-1,0.0,60.0,1,0,2,True
6465,183.92507934570312,192.09158325195312,-1,77.72273254394531,60.0,3,0,16.16298484802246,5.962874889373779,-1,0.0,60.0,1,0,2,True
6480,193.38720703125,193.47325134277344,-1,77.72273254394531,60.0,3,0,-0.9285191297531128,0.0028750000055879354,-1,0.0,60.0,1,0,2,True
6495,193.38720703125,177.8566436767578,-1,77.72273254394531,60.0,3,0,-10.669703483581543,0.0028750000055879354,1,0.0,60.0,1,0,2,True
6510,193.38720703125,162.2400360107422,-1,77.72273254394531,60.0,3,0,-12.91685962677002,7.132875442504883,1,0.0,60.0,1,0,2,True
6525,193.38720703125,146.62342834472656,-1,77.72273254394531,60.0,3,0,-5.663079261779785,41.75730895996094,1,0.0,60.0,1,0,2,True
6540,193.38720703125,131.00682067871094,-1,77.72273254394531,60.0,3,0,9.626983642578125,42.750099182128906,1,0.0,60.0,1,0,2,True
6555,193.38720703125,115.39031219482422,-1,77.72273254394531,60.0,3,0,25.308237075805664,23.30010223388672,1,0.0,60.0,1,0,2,True
6570,193.38720703125,99.77381896972656,-1,77.72273254394531,60.0,3,0,36.454994201660156,19.875099182128906,1,0.0,60.0,1,0,2,True
6585,193.38720703125,84.1573257446289,-1,77.72273254394531,60.0,3,0,33.59807586669922,5.025100231170654,-1,0.0,60.0,1,0,2,True
6600,193.38720703125,68.54083251953125,-1,77.72273254394531,60.0,3,0,20.31244659423828,0.0028750000055879354,-1,0.0,60.0,1,0,2,True
6615,193.38720703125,67.4997329711914,-1,77.72273254394531,60.0,2,0,3.474085569381714,0.0028750000055879354,1,0.0,60.0,1,0,2,True
6630,193.38720703125,67.4997329711914,-1,77.72273254394531,60.0,2,0,2.7281763553619385,0.0028750000055879354,1,0.0,60.0,1,0,2,True
6645,193.38720703125,67.4997329711914,-1,77.72273254394531,60.0,2,0,-24.852449417114258,0.0028750000055879354,-1,0.0,60.0,1,0,2,True
6660,0.0,101.125,-1,0.0,60.0,2,0,-35.25947189331055,22.220876693725586,-1,0.0,60.0,1,0,2,True
6675,0.0,88.9375,-1,0.0,60.0,2,0,-23.31709098815918,50.51088333129883,-1,0.0,60.0,1,0,2,True
6690,0.0,76.75,-1,0.0,60.0,2,0,-12.406835556030273,14.440879821777344,-1,0.0,60.0,1,0,2,True
6705,0.0,64.5625,-1,0.0,60.0,2,0,-26.270084381103516,0.0028750000055879354,-1,0.0,60.0,1,0,2,True
6720,-12.953750610351562,55.04600524902344,-1,0.0,60.0,2,0,-20.45291519165039,0.0028750000055879354,1,0.0,60.0,1,0,2,True
6735,-16.29500389099121,31.0460262298584,-1,0.0,60.0,2,0,-17.3468074798584,0.0028750000055879354,-1,0.0,60.0,1,0,2,True
6750,-2.0522525310516357,7.046020984649658,-1,0.0,60.0,2,0,-37.54806137084961,0.0028750000055879354,-1,0.0,60.0,1,0,2,True
6765,-12.443501472473145,0.0028750000055879354,-1,0.0,60.0,2,0,-48.78993606567383,0.0028750000055879354,-1,0.0,60.0,1,0,2,True
6780,-6.539877891540527,6.008874893188477,1,0.0,60.0,2,0,-49.097450256347656,0.0028750000055879354,1,0.0,60.0,1,0,2,True
6795,-25.737377166748047,4.208873271942139,1,0.0,60.0,2,0,-39.77864074707031,0.0028750000055879354,1,0.0,60.0,1,0,2,True
6810,-30.44812774658203,0.0028750000055879354,1,0.0,60.0,2,0,-52.10130310058594,0.22751474380493164,1,12.0,60.0,1,0,2,True
6825,-30.276500701904297,9.410873413085938,1,0.0,60.0,2,0,-46.5302734375,23.482805252075195,1,12.0,60.0,1,0,2,True
6840,-10.48938274383545,19.0108699798584,1,0.0,60.0,2,0,-34.35588836669922,20.182804107666016,1,12.0,60.0,1,0,2,True
6855,-13.290382385253906,11.522865295410156,1,0.0,60.0,2,0,-25.88650894165039,0.0028750000055879354,1,12.0,60.0,1,0,2,True
6870,-13.437631607055664,0.0028750000055879354,1,0.0,60.0,2,0,-34.6458854675293,0.0028750000055879354,1,12.0,60.0,1,0,2,True
6885,-18.268630981445312,0.0028750000055879354,-1,0.0,60.0,2,0,-37.70588302612305,0.0028750000055879354,1,12.0,55.800018310546875,1,0,2,True
6900,-21.358627319335938,0.0028750000055879354,-1,0.0,60.0,2,0,-20.95954132080078,12.52581787109375,1,23.0,54.750022888183594,1,0,2,True
6915,-21.358627319335938,0.0028750000055879354,-1,0.0,60.0,2,0,-37.38524627685547,31.09452247619629,1,23.0,55.800018310546875,1,0,2,True
6930,-22.049877166748047,1.0528749227523804,-1,0.0,60.0,2,0,-50.350257873535156,30.082502365112305,1,23.0,56.850013732910156,1,0,2,True
6945,-41.61650466918945,9.122873306274414,-1,0.0,60.0,2,0,-59.854576110839844,18.1297550201416,1,23.0,57.90000915527344,1,0,2,True
6960,-53.08088302612305,0.8428729772567749,-1,0.0,60.0,2,0,-59.42425537109375,13.212646484375,1,35.0,58.95000457763672,1,0,2,True
6975,-59.185264587402344,0.6238750219345093,-1,0.0,60.0,2,0,-54.941368103027344,13.736413955688477,1,35.0,60.0,1,0,2,True
6990,-52.64413070678711,0.37259119749069214,1,0.0,60.0,2,0,-51.83681106567383,0.1568264216184616,1,35.0,60.0,1,0,2,True
7005,-34.52939224243164,0.0028750000055879354,1,0.0,60.0,2,0,-31.56993293762207,0.0028750000055879354,1,35.0,60.0,1,0,2,True
7020,-21.32634162902832,0.0028750000055879354,1,0.0,60.0,2,0,-14.427343368530273,0.0028750000055879354,1,35.0,60.0,1,0,2,True
7035,-19.05384063720703,0.0028750000055879354,1,0.0,60.0,2,0,-7.784021377563477,0.0028749704360961914,-1,35.0,60.0,1,0,2,True
7050,-19.05384063720703,0.0028750000055879354,1,0.0,60.0,2,0,-28.238601684570312,15.983871459960938,-1,45.119998931884766,60.0,1,0,2,True
7065,-19.05384063720703,0.0028750000055879354,1,0.0,60.0,2,0,-45.116519927978516,34.10231018066406,-1,45.119998931884766,60.0,1,0,2,True
7080,-20.697715759277344,3.1388750076293945,1,0.0,60.0,2,0,-58.53374481201172,34.520015716552734,-1,45.119998931884766,60.0,1,0,2,True
7095,-40.669219970703125,18.49887466430664,1,0.0,60.0,2,0,-68.49031829833984,23.996990203857422,-1,45.119998931884766,60.0,1,0,2,True
7110,-54.00048065185547,20.73887062072754,1,0.0,60.0,2,0,-67.05164337158203,22.15751075744629,1,56.39999771118164,60.0,1,0,2,True
7125,-73.99734497070312,12.098867416381836,1,0.0,60.0,2,0,-82.998046875,20.158329010009766,1,56.39999771118164,60.0,1,0,2,True
7140,-82.41709899902344,-6.9371337890625,1,0.0,60.0,2,0,-93.45191192626953,-2.665954113006592,1,56.39999771118164,60.0,1,0,2,True
7155,-87.97972106933594,-19.937131881713867,1,0.0,60.0,2,0,-114.3797607421875,-2.8956494331359863,1,66.72000122070312,60.0,1,0,2,True
7170,-108.22969818115234,-39.4371223449707,1,0.0,60.0,2,0,-141.01779174804688,-24.572696685791016,1,66.72000122070312,60.0,1,0,2,True
7185,-126.2657241821289,-30.711122512817383,1,0.0,60.0,2,0,-158.3987579345703,-53.84074783325195,1,66.72000122070312,60.0,1,0,2,True
7200,-123.1041030883789,-24.201126098632812,1,0.0,60.0,2,0,-154.73240661621094,-9.249817848205566,1,66.72000122070312,60.0,1,0,2,True
7215,-129.95111083984375,-14.199126243591309,1,0.0,60.0,2,0,-146.37437438964844,-8.446131706237793,1,67.72000122070312,60.0,1,0,2,True
7230,-123.7389907836914,-7.579127311706543,1,0.0,60.0,2,0,-153.08172607421875,6.507604598999023,1,78.04000091552734,60.0,1,0,2,True
7245,-104.85587310791016,-9.649130821228027,1,0.0,60.0,2,0,-172.82821655273438,3.968533515930176,1,78.04000091552734,60.0,1,0,2,True
7260,-87.02132415771484,3.5608677864074707,1,0.0,60.0,2,0,-187.029052734375,-12.306495666503906,1,78.04000091552734,60.0,1,0,2,True
7275,-67.17448425292969,4.490865230560303,1,0.0,60.0,2,0,-193.4652557373047,-38.62748718261719,1,79.04000091552734,60.0,1,0,2,True
7290,-57.45073318481445,0.6238750219345093,1,0.0,60.0,2,0,-185.9573516845703,-74.99446868896484,1,79.04000091552734,60.0,1,0,2,True
7305,-57.45073318481445,0.6238750219345093,1,0.0,60.0,2,0,-189.02560424804688,-116.97616577148438,1,79.04000091552734,60.0,1,0,2,True
